12 6 19 7 29 16 20 26 15 9 27 11 21 2 10 8 23 17 18 3 25 24 22 28 14 1 4 5 13 
98221.1
12 5 19 7 29 16 27 26 15 9 4 11 21 2 10 8 23 13 18 3 25 24 22 28 14 1 6 20 17 
98051.3
12 5 19 7 13 16 27 26 15 9 4 11 21 2 10 8 23 29 18 3 25 24 22 28 14 1 6 20 17 
91567.1
12 5 4 7 13 16 20 26 15 9 27 11 21 2 10 8 23 29 18 3 25 24 22 28 14 1 6 19 17 
89018.2
10 11 13 7 16 20 27 26 15 9 4 5 21 2 12 8 23 29 18 17 25 24 22 3 14 1 6 19 28 
84518.5
14 1 6 11 7 3 2 10 29 20 21 5 13 15 9 12 25 16 27 4 8 23 26 22 17 19 18 24 28 
79787.6
1 2 6 8 7 3 18 28 19 29 21 5 13 15 22 14 25 26 16 27 11 23 9 4 17 12 20 24 10 
78388.7
Solution:
24 25 28 20 13 10 1 2 19 29 9 5 4 18 22 14 15 7 8 6 11 23 21 17 26 12 16 27 3 
78352.3
